3
1784216432979125252938486097950135670583167242602359811579631519996747920
4524917889527869433031965559441539741868190808954113998639606967049021587744
3
15543674261103056720965912943379649001229811241378143336055206350692792
3
1809287766671537920797775634546782621645208117021652937953765743919709552936
961182067715790371458236718803951363842649708265258259410135638203677941792
3
6332395422575844431550013008918959331218302545502171555920239623291123310872
3
3
6334184828376035208183688279762026854166781375571950858318951333723844387112
3
2713906471944800747732776636134425403238634657195001192172632804675929940392
3
3
3620285307042498960781318778231028934356119805167271431733135457847796072464
3
3
3
4524938621726046638863741459026521067230387889758176027536115400682468179976
